+------------------------------------------------------------------------------------------------------------------------------------------------------------------------------------------------------------------------------------------------------------------------------+
; Legal Partition Candidates                                                                                                                                                                                                                                                   ;
+-------------------------------------------------------------------------+-------+----------------+--------------+----------------+--------+-----------------+---------------+-----------------+-------+----------------+--------------+------------------+-------------------+
; Hierarchy                                                               ; Input ; Constant Input ; Unused Input ; Floating Input ; Output ; Constant Output ; Unused Output ; Floating Output ; Bidir ; Constant Bidir ; Unused Bidir ; Input only Bidir ; Output only Bidir ;
+-------------------------------------------------------------------------+-------+----------------+--------------+----------------+--------+-----------------+---------------+-----------------+-------+----------------+--------------+------------------+-------------------+
; engine|\stage_generate:1:stage                                          ; 152   ; 147            ; 0            ; 147            ; 149    ; 147             ; 147           ; 147             ; 0     ; 0              ; 0            ; 0                ; 0                 ;
; engine|\stage_generate:0:stage                                          ; 152   ; 33             ; 0            ; 33             ; 149    ; 33              ; 33            ; 33              ; 0     ; 0              ; 0            ; 0                ; 0                 ;
; engine                                                                  ; 119   ; 1              ; 0            ; 1              ; 2      ; 1               ; 1             ; 1               ; 0     ; 0              ; 0            ; 0                ; 0                 ;
; vga_driver                                                              ; 3     ; 62             ; 0            ; 62             ; 65     ; 62              ; 62            ; 62              ; 0     ; 0              ; 0            ; 0                ; 0                 ;
; clock_manager|altclkctrl_0|global_clock_mgmt_altclkctrl_0_sub_component ; 5     ; 4              ; 0            ; 4              ; 1      ; 4               ; 4             ; 4               ; 0     ; 0              ; 0            ; 0                ; 0                 ;
; clock_manager|altclkctrl_0                                              ; 1     ; 0              ; 0            ; 0              ; 1      ; 0               ; 0             ; 0               ; 0     ; 0              ; 0            ; 0                ; 0                 ;
; clock_manager                                                           ; 1     ; 0              ; 0            ; 0              ; 1      ; 0               ; 0             ; 0               ; 0     ; 0              ; 0            ; 0                ; 0                 ;
; pll|altpll_component|auto_generated                                     ; 3     ; 0              ; 0            ; 0              ; 6      ; 0               ; 0             ; 0               ; 0     ; 0              ; 0            ; 0                ; 0                 ;
; pll                                                                     ; 2     ; 1              ; 0            ; 1              ; 2      ; 1               ; 1             ; 1               ; 0     ; 0              ; 0            ; 0                ; 0                 ;
; seed_driver                                                             ; 3     ; 0              ; 0            ; 0              ; 58     ; 0               ; 0             ; 0               ; 0     ; 0              ; 0            ; 0                ; 0                 ;
; edge_det                                                                ; 3     ; 0              ; 0            ; 0              ; 1      ; 0               ; 0             ; 0               ; 0     ; 0              ; 0            ; 0                ; 0                 ;
+-------------------------------------------------------------------------+-------+----------------+--------------+----------------+--------+-----------------+---------------+-----------------+-------+----------------+--------------+------------------+-------------------+
